p1 = 35.159771, -106.524593
img1 = 42, 788

p2 = 35.145117, -106.498019
img2 = 291, 416

ABQ
p1 = 35.145059, -106.498018
img1 = 441, 1009

p2 = 35.174526, -106.515777
img2 = 46, 1202
